81 0
+
81 0

57 2
+
26 2

36 2
+
6 1

1 0 1 1
+
1 0 -1 1

24 1 74 3 15 5
+
83 3

73 0 66 1 63 3
+
91 0 47 1 55 2

95 2 11 3 3 5 55 8 44 14 49 15 97 16 94 18 99 19
+
23 2 73 3 91 6 80 11 37 13 99 17 70 18 80 19 44 20

12 3 45 6 78 9
+
23 3 56 6 67 7 89 9

57 2
-
26 2

81 0
-
81 0

36 2
-
6 1

1 0 1 1
-
1 0 -1 1

83 3
-
24 1 74 3 15 5

73 0 66 1 63 3
-
91 0 47 1 55 2

95 2 11 3 3 5 55 8 44 14 49 15 97 16 94 18 99 19
-
23 2 73 3 91 6 80 11 37 13 99 17 70 18 80 19 44 20

100 5 60 6
-
100 5 60 6

73 0 66 1 63 3
@
5

21 1 46 2 55 5 70 6 64 7
@
1

21 1 46 2 55 5 70 6 64 7
@
0

12 3 45 6 78 9
@
1
